 BASIS_TYPE PG_0S
 PARTICLES      4
 MASSES   3.6704829678500000E+03   1.8361526724700000E+03   1.0000000000000000E+00   1.0000000000000000E+00
 CHARGES   1.0000000000000000E+00   1.0000000000000000E+00  -1.0000000000000000E+00  -1.0000000000000000E+00
 SYMMETRY (1+P34)
 BASIS_SIZE     10
 CURRENT_ENERGY  -1.1464025232015291E+00
 WHICH_EIGENVALUE      1
 EIGVAL_TOLERANCE   9.9999999999999998E-13
 INVITPARAMETER   1.0000009999999999E+00
 LAST_EIGVAL_TOL   6.6828230463757153E-15
 BEST_EIGVAL_TOL   2.8309376597183430E-15
 WORST_EIGVAL_TOL   4.6348537806475069E-14
 GENERATOR_PARAM   6.9999999999999996E-01   1.0000000000000000E+00   3.0000000000000000E+00
 ==============================
     10  -1.1464025232015291E+00      0      0    190
 ==============================
 EXPC_VALS I 10
 ==============================
      1  -3.1801033277894288E+00      0      0      0
      2  -9.6758394495459554E-01      0      0      0
      3  -1.0225879456353495E+00      0      0      0
      4  -1.0419553769437362E+00      0      0      0
      5  -1.0722444626716403E+00      0      0      0
      6  -1.1081050341625589E+00      0      0      0
      7  -1.1194061205591157E+00      0      0      0
      8  -1.1272508459427539E+00      0      0      0
      9  -1.1300189764908921E+00      0      0      0
     10  -1.1464025232015291E+00      0      0    190
 ==============================
      1      2  -9.7701108646004720E-01   3.5912301155173285E-02   3.1910146245781779E-01   1.0139966831409095E+00  -9.2828194777838458E-01   7.5454158943365590E-01
      2      2  -1.5041621294195011E+00   7.8624871805615212E-02   6.7960032596263731E-01  -4.0952320125405239E-01   2.7598134326312151E-02   8.0363298959532015E-01
      3      4  -1.5039281941556442E+00   6.2816628371810523E-01   2.5967037974466960E-02  -7.5769007148472511E-01   5.2026023062754318E-03   1.0377175887456451E+00
      4      2  -8.4482521818875012E-01   1.9101273467724825E-01   3.9095028137202864E-02  -4.8676039221178868E-01   1.7135858666305339E-03   2.6692140632145056E-01
      5      2  -2.7055815904536367E+00   2.4116218742260509E+00   3.5250567957896384E-02  -8.7682370001999543E-01   7.8415233636465562E-02  -5.2561076096098114E-01
      6      2  -9.6767184494335146E-01   9.5151194287587421E-02   1.6701289519904747E-01  -1.9788703934499328E+00   4.7437039937432536E-03   4.3686104175359108E-01
      7      2  -1.6122924363854332E+00   7.0519701935280732E-02   6.2144256341992776E-01  -4.0438970587259537E-01  -7.4149412122701402E-03  -8.5369286889635410E-01
      8     14  -1.8662578918337320E+00   1.4067458217832124E-01   1.8629057162657073E-02  -4.8864534969011181E-01  -2.9740242298246913E-02   5.3634827093193838E-01
      9      4  -1.1549287072905636E+00   8.2223934246211411E-02   6.0055183471721639E-02  -9.6156621326619174E-01  -3.6731512658556391E-02   4.1721080507253633E-01
     10      2  -9.9805213050671338E-01   5.8135418076043714E-02   2.5329182495212771E-01  -4.2766833888950710E+00  -1.0286195627118664E-02   5.6103565280038270E-01
